17613904
11058244
19414706
17572426
13760354
15161930
16893971
10151930
13839284
16859699
12324186
11392143
16344787
18656444
12979863
14675264
15357292
15551859
17758897
14642621
16381928
17494994
13298233
15564734
15413306
13791140
15869612
14740583
19348373
17426229
18005563
19983622
18429035
14619079
18812969
13736543
12157076
10737193
15963646
11281805
11491312
10558147
17300007
14277771
12079103
10183062
12338211
12082716
12875849
15000533
18254256
14283352
11421812
19752363
17933596
19621754
16145964
17491408
11271746
10266739
16872720
17804151
11077423
17968447
10979365
10906150
11122511
19961338
10469937
13655787
15206957
11604510
15057222
18119358
13338448
16775710
18726579
11393821
16937456
17047509
19402963
16625299
14121337
13529216
17317848
13593139
18105239
19292901
19765270
17815859
15668988
11956412
17463179
16521137
14503187
16831139
14288579
17477582
17907223
11170220
